2,2,2,2,21,33,54,39,13,2,54,46,7,1,54,11,38,5,54
0,0,0,0,8,9,17,13,3,1,17,15,2,0,17,4,12,1,17
0,0,0,0,7,16,23,16,6,1,23,19,4,0,23,4,17,2,23
0,0,0,0,6,8,14,10,4,0,14,12,1,1,14,3,9,2,14
2,2,2,2,24,26,50,36,14,0,50,38,10,2,50,14,36,0,50
0,0,0,0,5,8,13,9,4,0,13,10,3,0,13,3,10,0,13
0,0,0,0,8,9,17,12,5,0,17,12,4,1,17,4,13,0,17
0,0,0,0,11,9,20,15,5,0,20,16,3,1,20,7,13,0,20
2,2,2,2,22,25,47,27,20,0,47,41,6,0,47,11,32,4,47
0,0,0,0,10,7,17,8,9,0,17,12,5,0,17,4,13,0,17
0,0,0,0,4,5,9,7,2,0,9,9,0,0,9,1,7,1,9
0,0,0,0,8,13,21,12,9,0,21,20,1,0,21,6,12,3,21
2,2,2,2,30,56,86,45,41,0,86,76,10,0,86,11,75,0,86
0,0,0,0,8,27,35,18,17,0,35,31,4,0,35,3,32,0,35
0,0,0,0,8,14,22,12,10,0,22,17,5,0,22,5,17,0,22
0,0,0,0,14,15,29,15,14,0,29,28,1,0,29,3,26,0,29
2,2,2,2,21,41,62,35,26,1,62,53,9,0,62,5,57,0,62
0,0,0,0,7,14,21,14,6,1,21,15,6,0,21,1,20,0,21
0,0,0,0,10,15,25,12,13,0,25,24,1,0,25,1,24,0,25
0,0,0,0,4,12,16,9,7,0,16,14,2,0,16,3,13,0,16
2,2,2,2,42,65,107,64,42,1,107,96,11,0,107,13,90,4,107
0,0,0,0,11,14,25,16,8,1,25,24,1,0,25,4,21,0,25
0,0,0,0,13,23,36,21,15,0,36,32,4,0,36,1,33,2,36
0,0,0,0,18,28,46,27,19,0,46,40,6,0,46,8,36,2,46
2,2,2,2,29,32,61,41,18,2,61,48,11,2,61,8,46,7,61
0,0,0,0,9,19,28,23,4,1,28,20,8,0,28,5,19,4,28
0,0,0,0,11,9,20,11,9,0,20,17,3,0,20,2,15,3,20
0,0,0,0,9,4,13,7,5,1,13,11,0,2,13,1,12,0,13
2,2,2,2,15,51,66,20,46,0,66,58,7,1,66,4,57,5,66
0,0,0,0,5,22,27,11,16,0,27,23,3,1,27,1,23,3,27
0,0,0,0,5,15,20,4,16,0,20,19,1,0,20,1,19,0,20
0,0,0,0,5,14,19,5,14,0,19,16,3,0,19,2,15,2,19
2,2,2,2,41,57,98,62,34,2,98,81,17,0,98,8,84,6,98
0,0,0,0,12,17,29,16,12,1,29,23,6,0,29,3,26,0,29
0,0,0,0,18,21,39,25,14,0,39,33,6,0,39,3,34,2,39
0,0,0,0,11,19,30,21,8,1,30,25,5,0,30,2,24,4,30
2,2,2,2,23,34,57,28,29,0,57,52,5,0,57,6,50,1,57
0,0,0,0,10,7,17,8,9,0,17,15,2,0,17,1,16,0,17
0,0,0,0,7,15,22,9,13,0,22,22,0,0,22,2,20,0,22
0,0,0,0,6,12,18,11,7,0,18,15,3,0,18,3,14,1,18
2,2,2,2,18,11,29,24,3,2,29,27,1,1,29,2,27,0,29
0,0,0,0,9,5,14,12,1,1,14,14,0,0,14,1,13,0,14
0,0,0,0,7,5,12,11,0,1,12,10,1,1,12,1,11,0,12
0,0,0,0,2,1,3,1,2,0,3,3,0,0,3,0,3,0,3
2,2,2,2,30,28,58,41,15,2,58,48,10,0,58,15,39,4,58
0,0,0,0,8,7,15,12,3,0,15,13,2,0,15,7,7,1,15
0,0,0,0,8,8,16,10,5,1,16,13,3,0,16,4,11,1,16
0,0,0,0,14,13,27,19,7,1,27,22,5,0,27,4,21,2,27
2,2,2,2,19,42,61,39,22,0,61,49,11,1,61,7,48,6,61
0,0,0,0,9,15,24,18,6,0,24,20,4,0,24,4,18,2,24
0,0,0,0,5,17,22,14,8,0,22,17,5,0,22,2,16,4,22
0,0,0,0,5,10,15,7,8,0,15,12,2,1,15,1,14,0,15
2,2,2,2,10,10,20,15,5,0,20,18,2,0,20,3,14,3,20
0,0,0,0,4,3,7,6,1,0,7,7,0,0,7,1,6,0,7
0,0,0,0,0,0,0,0,0,0,0,0,0,0,0,0,0,0,0
0,0,0,0,6,7,13,9,4,0,13,11,2,0,13,2,8,3,13
2,2,2,2,25,36,61,35,26,0,61,50,10,1,61,8,48,5,61
0,0,0,0,9,5,14,9,5,0,14,11,3,0,14,1,13,0,14
0,0,0,0,11,20,31,19,12,0,31,24,7,0,31,6,21,4,31
0,0,0,0,5,11,16,7,9,0,16,15,0,1,16,1,14,1,16
2,2,2,2,20,33,53,38,15,0,53,45,7,1,53,11,39,3,53
0,0,0,0,7,12,19,11,8,0,19,18,1,0,19,6,13,0,19
0,0,0,0,9,10,19,15,4,0,19,14,4,1,19,4,13,2,19
0,0,0,0,4,11,15,12,3,0,15,13,2,0,15,1,13,1,15
2,2,2,2,28,31,59,32,27,0,59,56,3,0,59,12,46,1,59
0,0,0,0,10,15,25,12,13,0,25,23,2,0,25,6,18,1,25
0,0,0,0,6,8,14,8,6,0,14,14,0,0,14,3,11,0,14
0,0,0,0,12,8,20,12,8,0,20,19,1,0,20,3,17,0,20
2,2,2,2,29,50,79,29,48,2,79,73,6,0,79,9,68,2,79
0,0,0,0,12,18,30,11,18,1,30,29,1,0,30,3,27,0,30
0,0,0,0,10,15,25,10,14,1,25,23,2,0,25,3,22,0,25
0,0,0,0,7,17,24,8,16,0,24,21,3,0,24,3,19,2,24
2,2,2,2,18,56,74,37,36,1,74,67,7,0,74,9,57,8,74
0,0,0,0,8,23,31,16,15,0,31,29,2,0,31,1,27,3,31
0,0,0,0,5,18,23,11,12,0,23,20,3,0,23,2,19,2,23
0,0,0,0,5,15,20,10,9,1,20,18,2,0,20,6,11,3,20
2,2,2,2,20,29,49,33,16,0,49,45,4,0,49,14,31,4,49
0,0,0,0,7,13,20,13,7,0,20,18,2,0,20,7,12,1,20
0,0,0,0,9,10,19,11,8,0,19,18,1,0,19,5,12,2,19
0,0,0,0,4,6,10,9,1,0,10,9,1,0,10,2,7,1,10
2,2,2,2,16,28,44,24,20,0,44,39,5,0,44,8,34,2,44
0,0,0,0,4,11,15,9,6,0,15,11,4,0,15,5,9,1,15
0,0,0,0,7,10,17,7,10,0,17,16,1,0,17,2,15,0,17
0,0,0,0,5,7,12,8,4,0,12,12,0,0,12,1,10,1,12
2,2,2,2,29,30,59,43,16,0,59,46,13,0,59,15,41,3,59
0,0,0,0,7,11,18,15,3,0,18,12,6,0,18,6,11,1,18
0,0,0,0,13,9,22,12,10,0,22,17,5,0,22,3,19,0,22
0,0,0,0,9,10,19,16,3,0,19,17,2,0,19,6,11,2,19
2,2,2,2,25,51,76,43,33,0,76,65,11,0,76,18,56,2,76
0,0,0,0,10,14,24,18,6,0,24,21,3,0,24,5,19,0,24
0,0,0,0,8,17,25,12,13,0,25,19,6,0,25,7,17,1,25
0,0,0,0,7,20,27,13,14,0,27,25,2,0,27,6,20,1,27
2,2,2,2,9,12,21,12,9,0,21,21,0,0,21,2,18,1,21
0,0,0,0,4,6,10,7,3,0,10,10,0,0,10,2,8,0,10
0,0,0,0,4,1,5,1,4,0,5,5,0,0,5,0,5,0,5
0,0,0,0,1,5,6,4,2,0,6,6,0,0,6,0,5,1,6
2,2,2,2,20,21,41,27,14,0,41,40,1,0,41,7,31,3,41
0,0,0,0,7,10,17,12,5,0,17,16,1,0,17,2,13,2,17
0,0,0,0,9,7,16,9,7,0,16,16,0,0,16,5,10,1,16
0,0,0,0,4,4,8,6,2,0,8,8,0,0,8,0,8,0,8
2,2,2,2,21,25,46,25,21,0,46,36,10,0,46,3,42,1,46
0,0,0,0,12,14,26,14,12,0,26,19,7,0,26,2,24,0,26
0,0,0,0,9,11,20,11,9,0,20,17,3,0,20,1,18,1,20
0,0,0,0,0,0,0,0,0,0,0,0,0,0,0,0,0,0,0
2,2,2,2,29,38,67,39,28,0,67,56,11,0,67,10,52,5,67
0,0,0,0,11,18,29,21,8,0,29,24,5,0,29,4,21,4,29
0,0,0,0,6,9,15,8,7,0,15,13,2,0,15,1,13,1,15
0,0,0,0,12,11,23,10,13,0,23,19,4,0,23,5,18,0,23
2,2,2,2,27,46,73,49,24,0,73,67,6,0,73,10,60,3,73
0,0,0,0,9,23,32,23,9,0,32,27,5,0,32,2,28,2,32
0,0,0,0,9,10,19,10,9,0,19,18,1,0,19,3,15,1,19
0,0,0,0,9,13,22,16,6,0,22,22,0,0,22,5,17,0,22
2,2,2,2,54,63,117,74,43,0,117,96,21,0,117,14,97,6,117
0,0,0,0,21,17,38,27,11,0,38,33,5,0,38,6,31,1,38
0,0,0,0,11,31,42,25,17,0,42,29,13,0,42,6,35,1,42
0,0,0,0,22,15,37,22,15,0,37,34,3,0,37,2,31,4,37
2,2,2,2,23,15,38,29,8,1,38,35,3,0,38,9,24,5,38
0,0,0,0,8,8,16,12,3,1,16,15,1,0,16,4,10,2,16
0,0,0,0,7,5,12,10,2,0,12,10,2,0,12,1,8,3,12
0,0,0,0,8,2,10,7,3,0,10,10,0,0,10,4,6,0,10
2,2,2,2,17,19,36,24,12,0,36,35,1,0,36,11,24,1,36
0,0,0,0,3,6,9,5,4,0,9,9,0,0,9,3,6,0,9
0,0,0,0,8,6,14,9,5,0,14,13,1,0,14,5,9,0,14
0,0,0,0,6,7,13,10,3,0,13,13,0,0,13,3,9,1,13
2,2,2,2,21,43,64,35,28,1,64,53,11,0,64,6,53,5,64
0,0,0,0,8,11,19,10,8,1,19,15,4,0,19,2,17,0,19
0,0,0,0,7,19,26,15,11,0,26,21,5,0,26,1,21,4,26
0,0,0,0,6,13,19,10,9,0,19,17,2,0,19,3,15,1,19
2,2,2,2,14,36,50,27,22,1,50,41,9,0,50,8,42,0,50
0,0,0,0,4,17,21,12,9,0,21,17,4,0,21,5,16,0,21
0,0,0,0,6,12,18,10,7,1,18,14,4,0,18,1,17,0,18
0,0,0,0,4,7,11,5,6,0,11,10,1,0,11,2,9,0,11
2,2,2,2,19,16,35,19,16,0,35,29,5,1,35,7,20,8,35
0,0,0,0,6,7,13,9,4,0,13,12,1,0,13,4,6,3,13
0,0,0,0,4,4,8,3,5,0,8,7,1,0,8,0,7,1,8
0,0,0,0,9,5,14,7,7,0,14,10,3,1,14,3,7,4,14
2,2,2,2,28,49,77,50,27,0,77,71,6,0,77,12,58,7,77
0,0,0,0,9,11,20,11,9,0,20,18,2,0,20,2,17,1,20
0,0,0,0,6,18,24,14,10,0,24,22,2,0,24,1,19,4,24
0,0,0,0,13,20,33,25,8,0,33,31,2,0,33,9,22,2,33
2,2,2,2,29,31,60,36,24,0,60,55,4,1,60,6,48,6,60
0,0,0,0,10,11,21,16,5,0,21,19,1,1,21,1,19,1,21
0,0,0,0,6,14,20,9,11,0,20,19,1,0,20,5,13,2,20
0,0,0,0,13,6,19,11,8,0,19,17,2,0,19,0,16,3,19
2,2,2,2,22,47,69,28,39,2,69,57,12,0,69,9,60,0,69
0,0,0,0,5,14,19,10,9,0,19,15,4,0,19,3,16,0,19
0,0,0,0,6,10,16,6,9,1,16,14,2,0,16,1,15,0,16
0,0,0,0,11,23,34,12,21,1,34,28,6,0,34,5,29,0,34
2,2,2,2,15,15,30,17,13,0,30,28,2,0,30,6,22,2,30
0,0,0,0,3,7,10,6,4,0,10,8,2,0,10,3,7,0,10
0,0,0,0,9,3,12,5,7,0,12,12,0,0,12,1,10,1,12
0,0,0,0,3,5,8,6,2,0,8,8,0,0,8,2,5,1,8
2,2,2,2,15,68,83,36,45,2,83,67,16,0,83,10,73,0,83
0,0,0,0,4,23,27,8,18,1,27,21,6,0,27,2,25,0,27
0,0,0,0,8,24,32,22,9,1,32,28,4,0,32,5,27,0,32
0,0,0,0,3,21,24,6,18,0,24,18,6,0,24,3,21,0,24
2,2,2,2,40,50,90,60,30,0,90,74,15,1,90,13,76,1,90
0,0,0,0,15,14,29,19,10,0,29,24,4,1,29,3,26,0,29
0,0,0,0,14,18,32,20,12,0,32,25,7,0,32,5,27,0,32
0,0,0,0,11,18,29,21,8,0,29,25,4,0,29,5,23,1,29
2,2,2,2,23,24,47,32,15,0,47,44,3,0,47,6,38,3,47
0,0,0,0,5,12,17,10,7,0,17,14,3,0,17,4,12,1,17
0,0,0,0,10,5,15,9,6,0,15,15,0,0,15,1,14,0,15
0,0,0,0,8,7,15,13,2,0,15,15,0,0,15,1,12,2,15
2,2,2,2,18,16,34,26,8,0,34,31,2,1,34,5,23,6,34
0,0,0,0,5,4,9,7,2,0,9,8,1,0,9,1,7,1,9
0,0,0,0,8,9,17,15,2,0,17,16,1,0,17,1,11,5,17
0,0,0,0,5,3,8,4,4,0,8,7,0,1,8,3,5,0,8
2,2,2,2,35,31,66,46,20,0,66,53,13,0,66,5,58,3,66
0,0,0,0,14,14,28,18,10,0,28,24,4,0,28,0,27,1,28
0,0,0,0,12,9,21,15,6,0,21,16,5,0,21,4,17,0,21
0,0,0,0,9,8,17,13,4,0,17,13,4,0,17,1,14,2,17
2,2,2,2,22,29,51,28,23,0,51,50,1,0,51,16,32,3,51
0,0,0,0,10,17,27,12,15,0,27,26,1,0,27,11,13,3,27
0,0,0,0,3,1,4,3,1,0,4,4,0,0,4,0,4,0,4
0,0,0,0,9,11,20,13,7,0,20,20,0,0,20,5,15,0,20
2,2,2,2,18,42,60,37,23,0,60,50,10,0,60,12,44,4,60
0,0,0,0,3,20,23,13,10,0,23,17,6,0,23,4,17,2,23
0,0,0,0,11,10,21,16,5,0,21,19,2,0,21,5,15,1,21
0,0,0,0,4,12,16,8,8,0,16,14,2,0,16,3,12,1,16
2,2,2,2,18,28,46,30,16,0,46,39,6,1,46,11,32,3,46
0,0,0,0,5,7,12,9,3,0,12,11,1,0,12,2,9,1,12
0,0,0,0,6,12,18,11,7,0,18,15,2,1,18,4,13,1,18
0,0,0,0,7,9,16,10,6,0,16,13,3,0,16,5,10,1,16
